用户id	有效请求数	展示数	点击数	总消耗
1665959	30697518	25755105	1108392	790765.75
1661306	52261519	33830825	867401	543516.3
1674528	45662003	29300517	1849155	344429.8
1680646	27983474	19216712	604036	265064.98
1661615	77775671	74988389	1399442	221132.95
1674503	57103479	37329272	446632	212422.06
1656100	9525109	7724070	806164	193333.28
1653944	27235102	18867533	543836	177090.75
1659152	23166982	18241423	662868	172158.8
1625220	5147977	2117377	191026	142623.8
1501897	240729549	185996057	7431847	129745.1
1674146	13114957	10164654	724331	119274.15
1586603	4214055	1972932	216354	119268.45
1596469	5313301	4227546	229386	114807.62
1666023	22227893	15863212	335407	113169.6
1659705	19400547	15212117	338883	99822.32
1647993	11674477	8834847	483776	96266.23
1671625	3669213	2777104	324680	93931.81
1666874	51695887	29514171	221468	93502.32
1674502	41983887	25016770	588688	86889.37
1673514	8547916	5003267	70227	86473.75
1538252	5621037	5443177	406251	86237.86
1661974	17320289	12715415	186565	83114.06
1666328	717678	442258	7775	82682.83
1592812	12984512	11852149	478021	82041.83
1659718	20999121	18147212	351526	80042.03
1636399	261914	235684	12900	75992.33
1593143	1094660	854156	18871	74125.65
1001028	110503817	91811732	2852948	73676.22
1662728	22604797	18245107	539761	65458.56
1674149	9733697	6729992	176946	65363.59
1558645	17080905	13912716	293743	65092.96
1685596	599372	436930	5449	64247.07
1668942	319273	251033	5759	63703.81
1659638	1377966	728223	20320	63568.5
1666022	20035744	13430883	278227	63542.6
1618011	3260609	2199841	438755	62210.55
1667726	2169252	1542196	64682	61771.28
1642517	33208245	27011839	241440	60943.28
1653557	24626289	20785588	261651	60796.59
1601469	875579	663800	15264	59737.27
1651273	10121436	5735311	189413	58534.75
1645612	597140	447995	7509	58182.23
1672080	2394907	1969506	61695	57500.73
1630133	2825475	1349252	100046	55935.03
1670348	2612035	2531203	58134	55011.54
1662767	1426005	1098502	26697	54784.04
1668632	485841	370731	12932	52577.71
1683182	9150573	6660809	212591	51259.21
1667294	10065657	4870893	110042	50758.72
1626756	922413	698431	15637	50578.26
1649012	22302986	17432790	237230	50313.26
1673937	25853458	15114317	169191	49992.16
1669783	1092807	701146	19216	47710.53
1678567	5698129	3821312	163029	46305.67
1638623	725350	473686	14438	45098.06
1647173	8046875	4193965	126100	44630.97
1674914	37683270	24137071	434875	44157.8
1680799	20879533	17412732	364810	43879.51
1572266	3369966	3057587	180561	43862.61
1685562	312579	224209	4162	43233.48
1535109	624817	472705	10877	42978
1625354	13921756	9620035	100254	42385.76
1674117	15874726	8002530	90508	41834.83
1679996	566031	354239	6658	41548.2
1554537	332739	248317	3171	40537.19
1677153	16920357	14510528	218689	40529.3
1662822	145395	132390	5250	40241.42
1653184	7610015	6657812	263014	40235.21
1680520	7053295	5427360	129953	40093.77
1644963	1015476	672292	12967	39916.66
1590842	560957	445362	8293	39785.7
1643742	8352165	5107400	108239	39152.15
1601395	7464639	6105595	296105	38389.45
1666931	6500381	4268851	107898	37270.46
1640503	46072306	20914601	2753285	37124.89
1680035	202555	138622	2173	36944.86
1642970	375384	336785	6994	36633.9
1633395	199631	175384	6859	36534.04
1673390	2688630	1717505	13998	35287.11
1674484	4937201	3292874	125211	35057.95
1674142	11538667	9320149	217990	34916.5
1678027	417044	289508	12593	34677.12
1654920	229163	157777	2638	34571.42
1685133	146301	95665	1076	34478.63
1627188	2661235	1778950	9578	34438.15
1662406	312490	306494	91387	34329.26
1650336	797097	477151	3817	34327.45
1605817	577361	423610	9142	33855.28
1665533	3554302	2569272	65025	33344.57
1635004	607290	399168	5390	33312.91
1666757	154828	152298	9887	33081.22
1674494	6641048	4457206	202812	31740.47
1674137	15856531	9893833	76517	31356.57
1644628	32829060	32493907	500454	30567.99
1625849	226155	178012	6515	30518.02
1683372	2742269	2706032	205926	30213.5
1645836	3964916	3468773	227070	30007.06
1671819	236436	170211	3377	29641.7
1632251	3049643	2393406	62724	29548.66
1628512	928002	840085	121959	29030.26
1568796	10399806	5886337	221330	28637.34
1597166	11673349	9943964	244572	28053.03
1606041	1158128	1077260	36584	27985.31
1651051	594684	405657	2257	27277.24
1680102	62803	42028	902	27019.15
1576603	2500816	1878971	285312	26966.75
1666514	3423820	2803303	172490	26359.77
1642986	140637	124847	4380	26130.2
1675546	393743	281849	7416	25841.74
1643017	127333	81856	1670	25801.54
1675757	409265	365864	9185	25660.91
1648679	4589082	3786142	94844	25613.76
1671994	2256561	2216983	127657	25495.07
1642814	136989	108274	3744	25488.85
1602784	1963294	1525008	137889	25453.29
1613853	6700354	4224319	195293	25307.74
1630134	9284746	5734536	191203	24789.56
1678039	431142	303966	4417	24744.16
1637306	314365	252402	6669	24390.66
1674152	1696951	1524922	40884	24323.99
1645611	1315629	875742	6228	24185.77
1683006	2799071	2759430	63608	24137.36
1676076	230598	172004	1755	24105.96
1642372	2946778	1982429	108173	24088.22
1685575	171269	118997	2019	24059.53
1592809	13308698	9267581	190328	24002.59
1651494	686332	478892	3310	23855.32
1671639	2330081	1723829	68957	23622.44
1605410	30455183	16716834	240973	23528.77
1663141	3261717	2397114	63979	23492.11
1640500	46722481	34826796	2233158	23321.87
1678221	105269	75218	1202	23316.66
1642534	11518248	9720028	105874	23101.06
1646293	144425	113055	2642	23080.06
1634525	3970022	3276282	42450	23069.69
1677366	14316881	14087688	215927	23008.19
1643693	518298	364434	8760	22933.1
1675006	364334	263057	7701	22860.86
1652539	392490	281146	6420	22791.61
1681403	580802	390082	4989	22780.66
1628779	18731367	14908211	90129	22596.43
1623877	248925	160388	1518	22486.23
1680099	19110	12593	360	22450.29
1672393	689787	662892	87233	22443.78
1685050	2131143	1250146	17143	22378.31
1682277	6490513	6399395	96006	22015.47
1628242	651239	606846	10826	21586.05
1668066	3933822	1442023	19343	21490.81
1659785	455260	316922	10375	21341.71
1623793	80243	58528	880	21283.95
1625402	127308	115401	3981	21191.27
1682178	527337	356150	9732	21178.08
1636439	5723346	3718196	98186	21061.21
1633129	1586987	978195	8907	20997.08
1680007	293331	210968	5024	20977.09
1673659	5107738	3328693	105398	20938.07
1684779	7195472	4075251	87058	20882.56
1674311	8677092	5594993	154723	20826.38
1676044	3009477	2582329	198778	20774.9
1685627	388720	329030	10214	20473.08
1614548	412594	276584	6935	20257.96
1669712	917063	743933	17289	20194.22
1591485	3501344	2296969	36275	20101
1673019	3579641	1859160	43933	19980.21
1678170	3190564	2856777	49319	19934.11
1674429	4064194	2070610	64096	19921.81
1658956	2654180	1469006	26124	19917.39
1624356	185519	99908	2182	19814.08
1668823	3866671	2724648	108120	19726.27
1564959	200948	144019	4102	19624.35
1633409	712836	509075	10570	19507.39
1646685	130803	83119	2461	19450.28
1667986	982166	617351	20845	19403.16
1638038	13866516	12902889	202303	19245.26
1682275	5825357	5749281	96763	18968.67
1669478	639155	454894	10524	18860.05
1648635	1913703	1306202	6152	18747.59
1682267	8260864	8162681	130718	18632.3
1660536	68528	67495	18875	18600.66
1677480	307491	211691	6315	18209.28
1660214	1756636	1054101	17066	18073.27
1682132	320742	224901	2779	18059.44
1673599	450351	284159	6395	18045.22
1670641	97408	95628	25406	18036.22
1674151	7118457	4215533	155041	17876.84
1647248	376631	267099	1778	17817.39
1515597	690545	470902	39372	17653.2
1625544	44354	43501	7128	17627.33
1649241	759249	550652	8571	17615.8
1652894	68312	67081	16848	17589.39
1550848	277339	269647	30599	17485.53
1643500	3989160	1510280	19376	17452.85
1535120	283806	199596	3699	17337.58
1646308	285418	215042	7020	17128.72
1674883	89844	67547	1160	16976.43
1682263	140468	98801	1093	16956.48
1657884	1386737	1071890	19289	16914.04
1682189	108324	78387	958	16798.96
1647164	207320	126997	2436	16777.04
1675921	1262654	1177027	16566	16760.27
1646958	426396	311377	2588	16635.64
1673182	1781793	1669068	143187	16393.23
1669076	354715	244341	8067	16200.68
1624415	216274	169063	4539	16180.02
1645704	5133602	2591587	70014	16149.74
1661539	1020592	727890	21223	16116.88
1658791	46764	30209	528	16101.6
1664009	145098	119376	2100	16006.06
1676043	17332267	14024076	110780	15986.82
1624590	274521	128656	2536	15785.44
1653235	1006758	664774	45455	15708.58
1613675	18425487	11896223	121487	15694.39
1659663	1210324	805801	3989	15678.26
1671937	1022165	1014136	188673	15674.63
1675963	285349	254967	3098	15376.94
1657028	150419	109602	2953	15260.99
1658792	104870	69030	930	15228.91
1600551	194575	142270	1255	15213.11
1636127	483723	332728	5140	15148.91
1682455	289012	199163	5143	15057.7
1685569	51811	37172	635	14935.11
1655021	235766	151789	2279	14918.67
1680010	262796	179829	4277	14859.01
1674661	3911676	1170651	57179	14855.43
1654212	3971589	3290575	132820	14748.36
1683213	4837318	2052838	86352	14633.95
1664745	981512	688767	3419	14471.75
1674244	85773	84301	21837	14423.77
1681578	5309984	5229568	81961	14339.01
1674049	172227	167302	32434	14266.97
1672952	1124569	815138	19915	14176.55
1673204	169354	104398	3227	14115.37
1644233	101116	77435	1246	14037.76
1672777	42949	36867	646	13813.51
1678639	4194949	1749558	52261	13809.85
1646278	182227	126348	3305	13751.21
1673679	6056252	4028442	124011	13693.33
1521892	1895870	959725	7896	13559.4
1614566	348825	265543	5453	13539.81
1647752	2162690	1306870	23051	13463.67
1659781	2169672	2136143	78362	13453.04
1514885	435374	194365	4640	13364.02
1628780	8611794	5984057	90118	13195.01
1676847	77544	76297	3058	13139.21
1622013	4115899	2452683	41105	13131.8
1643756	2325732	1100843	12487	12846.86
1685186	67690	49795	954	12788.61
1662644	132721	76841	813	12700.19
1665183	991452	680451	2609	12648.37
1613671	5737200	4210721	124044	12574.27
1659630	7930843	5350052	67020	12419.73
1580059	1651278	1047146	27598	12401.38
1679726	28330	19319	369	12370.16
1659772	1186603	644490	33010	12350.8
1668027	1726991	1140704	15660	12334.79
1654209	1227333	1070242	69664	12315.19
1674154	4973369	2610132	62007	12285.42
1682608	281736	229635	5894	12064.56
1663706	18744516	8042409	145053	12023.9
1681849	59154	40182	589	11968.78
1607152	972288	962878	100273	11963.23
1651053	340766	258292	1599	11944.16
1637174	11668364	6640271	113699	11861.51
1608267	11630213	6746994	90477	11822.6
1661519	734410	525044	16863	11753.1
1663980	54062	48193	1494	11585.73
1684915	111118	80376	1841	11529.05
1667067	156021	115945	4410	11463.18
1667011	1696471	1624812	70710	11420.11
1647498	334447	296893	4977	11381.33
1655651	634876	349675	23266	11260.59
1659637	603296	272236	2999	11198.95
1684731	1068568	772576	9615	11197.23
1673753	118045	80413	1292	11195.84
1676784	1666028	1161428	12445	11140.82
1636559	4108807	2830550	75491	11102.07
1665209	127221	85035	1144	11101.79
1660318	217267	114571	3292	11084.25
1665864	1099797	408482	40916	10967.43
1648871	802607	312036	28416	10938.33
1680684	3825726	2706877	54329	10869.41
1642087	70568	61172	1834	10804.6
1683191	3827458	2522772	60743	10803.67
1613407	258474	172618	4421	10795.63
1622662	127882	105927	2481	10789.62
1615317	288710	195300	4058	10724.7
1605291	7860801	3978976	109575	10659.38
1642875	127220	91697	951	10618.33
1624337	163269	104602	3313	10574.36
1585281	1880610	1189862	16007	10548.41
1642552	5384195	4066467	55757	10469.14
1637338	7096314	7032727	109607	10410.86
1657943	1014512	678394	4946	10405.42
1625473	139491	127722	4281	10379.51
1685511	64667	49225	674	10302.08
1664427	127740	89043	2473	10300
1636402	33406	30863	1264	10299.79
1666367	137390	81296	849	10284.84
1659765	2581450	1808552	61930	10239.31
1631693	299505	255800	3886	10208.79
1622815	531070	216224	13525	10104.74
1657387	364470	283912	8001	10052.45
1626935	163394	137196	2552	10034.52
1671826	72905	56474	906	10032.01
1656310	49609	35913	791	10027.7
1654713	894407	600255	2230	10021.73
1631636	852816	562901	2979	10000
1682412	236479	167787	1588	10000
1671510	690112	304658	8332	9997.01
1651081	2718723	823428	7774	9994.58
1629776	33993	33098	7627	9993.44
1633304	214657	171212	3793	9992.68
1651055	142526	103539	3433	9965.49
1627046	849193	566396	2902	9952.04
1651489	349953	254846	1363	9944.57
1672603	4791520	3479751	41569	9861.7
1661779	130292	86968	1261	9818.78
1637381	170163	125593	2134	9782.46
1663794	416093	382755	5119	9762.81
1678369	117371	87129	1729	9684.39
1647210	10061982	4090422	44778	9659.45
1662814	131196	85814	2489	9601.52
1644653	9529483	8751329	69077	9587.11
1676863	47587	47062	2318	9569.24
1678990	279783	144484	2081	9552.14
1685217	146841	143316	27366	9551.84
1625962	22005	21758	3527	9508.82
1625955	12912	12726	2948	9483.24
1680388	3120449	518551	16637	9447.56
1641080	168078	108143	2806	9436.09
1628994	916609	612054	3495	9397.28
1656574	191157	101982	917	9265.97
1684384	6471824	3967019	85255	9248.31
1589830	74084	58188	1260	9224.36
1584219	354058	204338	7331	9217.01
1665316	123847	80643	1596	9207.75
1668523	343480	192157	3472	9153.23
1672244	1095111	657356	4984	9101.6
1654866	308442	251119	7125	9065.17
1671718	875096	343697	10130	9038.23
1683071	51001	36863	488	9017.01
1676324	202834	178280	5251	9009.67
1674280	655118	647472	11929	9000
1669465	259181	183585	4244	8965.92
1625331	111349	98138	2958	8898.87
1618621	729177	464207	2490	8895.25
1678527	11597875	4388527	127324	8880.41
1638527	306516	261919	5833	8840.31
1664053	3916226	893978	31747	8834.17
1676541	429791	421747	41953	8744.96
1654936	187827	142750	3940	8735.68
1669741	1678798	931680	15706	8725.73
1645392	60565	46429	884	8713.94
1587623	69875	50681	628	8713.62
1675985	1039381	598364	12782	8617.71
1659827	1741766	955686	6701	8596.93
1631894	162183	94233	599	8585.46
1647823	270302	159297	1667	8575.67
1664748	160451	128097	3129	8566.31
1679769	200749	116533	2734	8522.35
1667499	434098	396701	6104	8507.12
1624264	197080	90926	2908	8482.95
1629569	27128	26383	6339	8426.51
1674093	2191312	1743875	43520	8425.4
1626643	54820	38711	549	8423.94
1580831	3877426	2571629	37928	8420.74
1613672	23218932	4483620	78128	8373.62
1642026	2996213	2096345	112033	8350.21
1645393	63028	48346	897	8224.67
1677610	988576	968359	27938	8179.51
1663744	74335	72856	17732	8132.99
1683300	110487	88887	3011	8121.42
1565171	232828	168731	704	8105.94
1589795	103838	69524	1821	8051.64
1678146	62675	43554	533	8031.16
1684361	617124	389274	2822	8013.07
1673651	4026025	2308362	33739	8003.6
1677681	485075	478470	8166	8000
1678559	332425	328698	6036	8000
1611799	123894	94126	1341	7989.41
1681358	51957	51289	14160	7983.6
1674902	2365231	1691125	37765	7952.41
1644913	1365156	959893	31712	7934.07
1681667	124377	90359	2142	7886.79
1680611	2052375	708535	38627	7830.09
1613676	7574086	7058499	96942	7808.75
1624314	82948	55216	934	7800.03
1614636	3177744	1809985	31534	7789.19
1660152	236152	210141	3937	7716.01
1537712	881265	441241	40349	7714.35
1664088	284922	222842	5741	7710.17
1624370	74046	57166	1767	7682.08
1533069	362709	243009	55557	7624.05
1599369	4463216	2805114	58380	7621.37
1607388	2609192	395000	6335	7614.12
1635866	1626924	1141042	27956	7613.51
1680181	104714	77775	1754	7604.28
1619078	479983	435257	7959	7600.98
1669733	1595900	951996	14604	7561.33
1666267	16351	16084	3254	7537.8
1653174	3939060	3722711	131655	7484.77
1643980	1790852	499307	5645	7477.95
1625430	1020001	800189	72230	7469.39
1577308	2918235	957799	6832	7468.82
1649430	1509157	1005302	29980	7459.83
1589342	7105383	2883572	27119	7458.18
1576672	2116146	1606161	22480	7435.13
1546549	1062885	430346	7093	7432.98
1683672	1126372	730371	19208	7404.43
1554403	271557	176720	2251	7380.58
1683422	1933448	474239	26066	7326.1
1664160	195599	139268	1002	7313.22
1680510	1839388	1210852	28334	7226.02
1628280	220657	154577	4173	7218.47
1678232	2602087	961525	29321	7207.03
1661999	97335	75598	2196	7194.97
1655135	155267	111758	1147	7191.99
1556595	81086	63417	1515	7185.23
1656089	620205	161996	4480	7157.97
1684167	137399	98178	2448	7115.24
1641895	221843	161762	2733	7109.06
1683040	91479	48237	1101	7025.02
1632491	3491284	2289933	29960	6998.04
1659763	776512	401336	8841	6992.68
1657517	204167	153882	752	6901.41
1680546	157745	116886	3963	6895.1
1674600	816083	568292	2828	6889.41
1673179	1640083	1382520	102142	6830.81
1681694	63915	41898	492	6820.97
1624471	48618	27883	406	6816.54
1645610	106296	71439	1001	6788.27
1669726	1695306	1026588	12082	6753.56
1683416	1143869	258227	21986	6746.8
1581555	560098	378598	4604	6742.24
1623994	5039446	3301485	38570	6731.74
1671527	560664	210089	7445	6685.69
1664359	794773	561007	4186	6625.73
1653843	72119	53160	1216	6623.36
1569275	43260	30334	362	6608.51
1647705	597183	474511	9376	6607.93
1666928	1482557	1130687	22447	6592.4
1673152	564643	545265	61557	6570.77
1658172	7476	7409	1599	6564.45
1625420	183679	182221	28842	6548.24
1552229	1348442	859298	51071	6536.23
1678192	24186	23553	6610	6526.69
1649180	535301	368469	1908	6526.24
1659771	1533236	1509380	50619	6505.4
1603161	735052	498861	35761	6499.25
1680769	17231	11894	253	6488.84
1608259	7100443	6082693	190095	6471.94
1589800	91390	69046	1428	6468.86
1673115	4973828	3528558	51409	6446.89
1636344	369605	280328	4798	6415.58
1662659	278178	233676	5043	6373.89
1674043	136324	80289	991	6362.77
1646964	101352	67455	535	6350.69
1567876	201689	136073	714	6295.17
1654450	1361925	1306306	23817	6277.23
1522526	61907	40819	607	6238.64
1524469	145951	92217	1696	6231.73
1672085	56643	43974	879	6225.91
1666590	1955028	872067	15012	6218.22
1670423	809310	495115	5649	6190.43
1664951	164371	87521	1153	6152.74
1684219	58230	42134	579	6146.46
1648688	3689921	2939563	31828	6096.89
1681255	373815	298758	8007	6053.11
1591478	1339110	556310	16436	6045.96
1677607	82778	58787	1181	6039.53
1602750	66480	53304	1246	6028.94
1668480	5088239	3880715	78331	6025.1
1684548	2707416	1444563	17150	6024.82
1544900	609286	391417	46013	6001.67
1540925	1150330	649983	4906	5982.73
1674665	2359435	897713	21740	5964.78
1647564	6671935	6251637	61242	5963.76
1649167	3646048	3610817	61382	5961.34
1619227	911447	684799	21527	5957.41
1668670	430466	290480	2560	5953.7
1682290	117814	85094	2106	5924.35
1660799	10797980	1993758	50224	5919.86
1625963	1322443	920254	18995	5902.9
1625380	5377846	3456473	55485	5900.09
1682234	931026	703601	8567	5867.47
1666474	1128196	397726	7166	5860.96
1671750	1435607	553318	7470	5859.56
1642403	107778	67050	1857	5820.36
1684217	188683	75177	3212	5792.12
1665842	594153	489532	9122	5780.1
1598338	6260147	4530194	52984	5677.83
1631536	104170	65181	1530	5672.13
1637455	85784	79457	2403	5655.63
1573086	139107	99337	1654	5623.19
1554836	1494742	926723	19604	5602.28
1647379	2084796	1729758	23672	5576.03
1553584	520174	359334	4533	5565.79
1675383	15140	14978	2749	5499.79
1678440	108078	80705	1198	5493.18
1671487	576791	445883	19668	5486.34
1672608	516769	507208	15600	5447.17
1674551	2035921	1485127	58788	5439.4
1584689	34300	26562	718	5434.17
1657505	574752	384097	3172	5428.24
1681297	1542901	955542	13172	5423.49
1646144	601991	380098	5508	5419.18
1572285	501603	347348	10704	5395.95
1565150	72560	55117	1433	5394.73
1633847	102149	93653	2016	5393.81
1678590	240358	237683	37563	5378.3
1601910	6533137	2723307	25945	5372.05
1634593	3503146	2283498	35218	5342.31
1643906	6216361	3969644	52661	5340.89
1679259	48087	33834	649	5324.23
1669455	49448	34284	1517	5292.44
1685306	12940	8775	128	5264.76
1656309	48365	37263	536	5247.91
1681146	1378838	1085553	58045	5228.16
1672596	138167	103174	955	5126.08
1679731	17421	12999	216	5114.97
1681526	528739	359826	3296	5106.97
1682111	39190	23656	234	5081.02
1577420	252734	194905	50702	5071
1579016	1917069	293052	2992	5066.79
1631507	86530	53878	1370	5030.05
1681138	960744	736158	49665	5010.27
1618014	680663	225203	2828	5003.35
1658895	442968	361598	5310	5001.4
1650021	362839	251787	39469	5000.88
1555048	129696	128680	23014	5000.32
1646880	18662	13753	219	5000
1647425	142001	102539	2461	5000
1610677	2602090	1198106	18138	4999.64
1662260	3920955	2211817	24263	4963.82
1654489	789722	524660	2717	4958.29
1682879	45768	30737	475	4917.09
1651676	599679	575049	24414	4872.86
1643008	2547056	1342664	13070	4845.53
1669742	80387	59327	1478	4842.06
1673378	2068170	1382976	16955	4829.71
1681850	38343	28752	471	4826.31
1682853	13582	9872	161	4811.94
1685125	3541532	3285156	61530	4805.4
1682123	1150417	796378	41862	4784.81
1677164	195640	136409	40169	4779.68
1591574	559490	377203	7155	4778.7
1685682	605411	486091	26622	4778.48
1634414	89102	74010	2148	4754.19
1620605	26522	26262	1090	4734.73
1664394	68387	47530	686	4733.73
1588187	6594835	4146142	34290	4714.54
1647218	1604747	626749	16468	4713.87
1678421	338184	212077	1326	4686.06
1656897	128975	83935	1293	4675.25
1654518	743764	705730	28218	4660.27
1622793	358080	146511	7704	4655.9
1645582	197387	108867	12278	4654.61
1667257	2804926	1678298	28503	4636.24
1672322	432468	427433	29001	4629.51
1678766	2631765	1949293	26666	4625.05
1671420	224232	141935	3213	4619.02
1673694	20482	14330	274	4603.98
1684524	4964448	1581964	41271	4601.64
1660896	19491	12477	269	4594.27
1625545	30066	20882	261	4593.08
1679112	53046	39711	423	4590.26
1634967	1091228	741094	16398	4571.76
1667261	987742	611925	15505	4545.75
1602795	45738	36600	887	4512.47
1625315	914152	593957	7043	4509.36
1669853	101170	52344	859	4501.45
1539225	69507	68696	12830	4477.39
1678134	15941	11206	212	4476.52
1685291	134710	132052	29631	4451.91
1682521	1276759	797198	15107	4435.34
1680208	66033	49031	1150	4435.3
1682134	17523	12679	218	4423.14
1664755	23040	18266	355	4417.44
1649061	106151	59523	602	4401.12
1657876	994949	748755	7676	4377.64
1674147	313907	287925	25488	4362.95
1575363	949046	592151	14147	4352.23
1672367	739614	301985	3622	4337.02
1649711	1529492	657952	25134	4314.19
1645378	918079	910625	89021	4304.02
1664389	92832	59835	854	4298.56
1642402	32383	23737	256	4288.56
1606791	693444	422641	36754	4282.6
1684057	193782	130965	1204	4272.94
1685136	9734	7095	124	4267.62
1637297	104663	88046	1573	4264.99
1671268	625324	413523	3208	4231.51
1668153	1359338	1048860	13460	4225.19
1643031	125596	111217	2197	4222.75
1660231	350933	168753	2805	4215.38
1633022	207980	85171	9204	4206.02
1674247	2032311	1108492	32330	4205.85
1645578	5728827	4168027	101275	4202.8
1639802	113724	111769	6715	4190.48
1664879	550095	525947	11106	4185.43
1680161	4900773	4859493	74748	4184.55
1677470	1458447	518423	15093	4180.57
1671614	274394	110273	3898	4175.58
1674153	1242134	1022849	42164	4160.99
1570880	33162	23025	245	4160.65
1558874	765988	499359	2979	4146.89
1673681	3996567	2667709	115642	4134.64
1623836	39906	27894	312	4098.37
1683051	3954125	3912953	58177	4091.68
1684453	6012565	3340337	37210	4077.02
1653069	60490	47968	1127	4066.84
1656339	53822	37236	343	4002.95
1682205	70919	36725	689	4002.72
1623313	41357	29509	362	4001.66
1675199	808655	649548	22625	4000.29
1678589	435633	321576	18380	4000.11
1614287	231192	227781	18692	4000.1
1684245	550893	407562	5573	4000
1657777	379482	316232	22980	3990.67
1680605	207880	60491	1267	3981.64
1684520	3140845	801299	26880	3971
1681660	1447053	831373	23246	3967.19
1641292	346740	238571	15252	3960.54
1681495	680388	396766	4779	3951.92
1672014	595314	417014	6804	3949.29
1621743	62676	43666	1025	3947.62
1578314	1604125	161701	3603	3947.34
1584144	102097	71362	320	3947.17
1534265	1717138	166545	3307	3945.81
1651818	2714064	1397137	24681	3941.89
1624125	515389	401419	17559	3918.51
1657215	558959	550159	54215	3917.48
1680112	1729153	1680662	61862	3911.85
1673120	352042	289410	5873	3904.16
1671812	754972	529522	32207	3902.4
1684036	202555	136245	1062	3891.31
1645980	74511	60015	522	3883.81
1609833	257662	203044	18367	3872
1580694	2471718	2159046	33721	3860.94
1648038	437759	342381	11005	3853.16
1577340	76390	61208	436	3850.6
1683543	25060	18871	367	3848.9
1682478	903174	738215	32156	3845.29
1668659	121345	75272	2166	3844.17
1659758	598627	592033	7419	3824.14
1580064	198948	126745	6193	3822.7
1685215	61138	59622	9814	3814.31
1555362	266058	167017	7340	3806.16
1681700	166360	113002	550	3774.24
1569939	64618	39819	516	3768.45
1674343	1684412	1348224	45577	3765.76
1669812	751385	696188	12749	3765.48
1633795	42504	28225	835	3745.19
1673515	559939	251441	2734	3738.2
1671299	434016	421812	16105	3726.6
1583924	46638	37280	914	3723.9
1680494	5007316	2711587	57206	3721.36
1675439	3382499	2238084	59795	3712.86
1642079	49178	39864	1099	3709.59
1621501	472114	469095	39469	3701.87
1606555	500887	497337	46233	3682.72
1674549	622338	425822	28518	3677.79
1683530	12986	10440	166	3648.94
1681859	24028	17316	367	3642.86
1603162	398831	396749	37397	3641.43
1683839	576738	377512	19892	3612.51
1536570	2241843	1203370	26730	3603.83
1657381	3297039	2942379	67403	3601.47
1591084	105591	70164	525	3595.51
1596714	4803509	3427099	37118	3586.82
1621958	1131565	786154	20126	3526.67
1639614	454051	317313	2070	3517.13
1666771	43852	42547	7048	3510.86
1605643	567081	536880	42852	3504.08
1676808	98923	52976	785	3500.76
1643778	310211	307418	29501	3500.49
1657385	1817072	1346024	22000	3485.42
1682436	2172037	1609227	20144	3476.52
1674708	272783	111516	9850	3465.14
1682947	1329831	992604	22434	3456.24
1642521	567757	427714	17099	3450
1682485	5803585	4883321	51336	3444.66
1590755	49815	35575	805	3426.49
1657352	1118358	219003	6552	3414.01
1578309	703436	472842	9433	3404.86
1679253	6867	5482	121	3398.5
1629023	55837	37151	622	3396.22
1670415	240099	111388	2332	3384.76
1576677	206292	135700	6073	3383.17
1644760	1660544	999484	13696	3378.27
1601595	4578040	2680443	43629	3366.28
1657323	600165	442245	12920	3356.19
1662567	289628	191368	899	3353.84
1683546	13295	8816	120	3350.29
1662244	804924	261869	3254	3349.95
1682006	99849	61834	1035	3340.46
1681052	203084	123771	1874	3337.05
1590824	42415	31355	744	3325.32
1679224	87418	58669	415	3302.52
1623879	31148	20570	362	3286.73
1676518	521520	379525	11537	3275.75
1635882	2226050	2207795	33675	3265.37
1638890	726106	620036	11211	3263.56
1683142	3098923	2467259	25122	3247.91
1677969	114680	65236	854	3243.46
1685525	22813	15263	132	3241.33
1683599	22041	13429	200	3232.33
1670663	17317	17099	5813	3229.74
1641303	77038	48003	1276	3229.45
1674233	214698	106031	2228	3217.44
1669431	1345661	864615	22410	3217.37
1657794	1928481	1701792	31983	3204.24
1682927	3452	2546	71	3200.99
1684347	1647864	1108869	31360	3198.56
1672597	4086069	3926216	41466	3184.62
1678689	1811027	944981	23663	3179.63
1666633	923860	446314	11831	3177.89
1680270	1345735	1164838	19314	3176.95
1677149	83620	42789	700	3169.94
1672501	174564	118852	1428	3165.44
1680662	830191	615494	23280	3164.87
1681856	9468	9299	2810	3161.68
1654629	77755	58143	967	3153.41
1673425	174614	97317	1276	3134.19
1682108	43480	33214	447	3131.33
1629921	1876705	1860530	30260	3124.13
1677551	513490	364656	4458	3103.44
1636098	409657	316553	11274	3101.24
1595838	162112	105729	13678	3070.7
1668039	558766	397087	4706	3069.41
1618858	569325	122930	3071	3067.06
1646198	447581	382429	9394	3058.56
1580882	96310	73066	539	3051.02
1670559	1342424	961279	47342	3044.03
1658618	55823	17060	255	3038.29
1641474	30946	28530	1211	3038.24
1678615	1767216	1730556	30059	3036.1
1672353	255275	119159	742	3008
1674667	59436	28922	506	3005.94
1643501	133140	111231	2865	3005.75
1638578	818399	575317	10364	3001.14
1672930	917456	120997	5016	3000.66
1639248	2237118	878725	32742	2992.88
1644754	824095	612697	12690	2983.6
1681592	8219	5539	91	2975.88
1653812	142449	38741	902	2948.54
1671953	464860	377342	24459	2946.15
1650002	228128	181489	4304	2944.24
1651809	69457	40753	332	2938.46
1651599	17196	12482	195	2930.11
1679018	406901	271922	2568	2924.64
1605804	38649	28140	826	2907.96
1664097	83049	65124	1687	2904.69
1623258	179099	65134	314	2900.42
1661883	35695	26301	316	2899.2
1672541	46006	45041	10726	2893.59
1633329	169687	117979	897	2868.05
1626947	35386	24409	229	2848.51
1678093	54880	30038	600	2825.3
1641679	1026225	865672	21969	2809.99
1659015	90308	88929	20497	2807.93
1680919	5488	4331	91	2798.86
1624475	28521	18260	268	2795.68
1671747	424124	187935	2564	2794.22
1620620	25019	24577	659	2791.72
1673812	400161	303409	6304	2785.74
1676356	58069	57166	14208	2780.23
1637789	148260	98819	1338	2778.06
1675343	53982	38075	1474	2776.09
1555787	310828	274001	9756	2769.85
1655535	2112591	800576	9972	2767.58
1631893	53947	25980	290	2757.72
1674164	56149	39127	807	2757.63
1657039	125621	86886	3275	2757.28
1680810	183944	99161	1591	2747.02
1677618	31132	22024	390	2734.95
1672969	254555	191393	3866	2732.04
1663237	85001	83664	22962	2708.92
1675463	3163578	1921157	18111	2707.03
1623000	502490	393690	12980	2705.94
1684746	5045125	4583010	54362	2705.36
1669271	927506	147097	2582	2700.1
1668793	1407724	280346	9189	2690.22
1685522	2567535	2539285	42216	2682.71
1677846	141741	99520	2029	2682.31
1682818	75579	52847	565	2674.62
1683056	2128914	2104945	33347	2671
1680735	23975	18166	556	2661.25
1651624	48599	34948	386	2650.45
1673654	1662218	1228910	32604	2642.52
1598366	1145738	1133618	23277	2626.35
1680564	157502	63598	1591	2625.51
1682193	53006	37679	1001	2623.31
1681971	89293	50371	654	2618.81
1550927	55875	39171	891	2614.58
1641824	17559	12886	279	2605.4
1633828	223455	162016	1539	2576.17
1566499	93112	55165	316	2575.72
1660400	691817	229980	2711	2569.75
1675233	61055	39118	558	2558.36
1680462	148312	116346	5553	2557.33
1676559	43057	22347	472	2556.01
1682775	376209	241412	2261	2552.84
1662882	740829	576364	14341	2546.19
1682335	32482	21192	542	2534.44
1681643	290501	274727	28055	2528.51
1683068	334759	331884	4334	2526.99
1644482	143936	102976	3123	2517.71
1671512	318991	256863	15318	2514.87
1680185	787878	583986	9569	2506.09
1667112	43919	29096	352	2498.07
1669854	1248501	1019701	57038	2489.65
1600554	77195	54608	2425	2464.5
1673191	584618	567224	37983	2464.16
1675538	36391	22043	910	2444.58
1579873	109247	72024	1343	2425.95
1675968	984176	511043	24384	2425.18
1659674	3430011	372929	4400	2411.68
1663846	61718	31565	298	2411.65
1660890	75250	51490	1527	2394.09
1633768	1437720	1426325	23417	2386.52
1577378	329120	219041	11753	2384.07
1666165	169523	105571	5440	2370.53
1683296	28982	23373	818	2366.76
1672653	284228	223317	15056	2362.22
1546891	33805	31457	706	2362.06
1674163	203135	136192	1010	2350.48
1526868	561736	298074	2251	2329.13
1619507	3286979	2030324	51084	2326.16
1668046	187113	142258	1153	2322.33
1633630	1454100	1439440	22124	2319.44
1627426	35856	33061	637	2313.81
1669761	623925	608445	22760	2310.82
1619661	163971	106779	3716	2309.66
1658790	14212	11122	170	2307.47
1579876	189461	129788	2744	2307.01
1684072	83965	64905	473	2303.52
1663378	67354	45641	1236	2302.95
1668832	28077	21483	328	2301.7
1682223	89737	53583	765	2284.52
1631889	174264	117511	733	2277.58
1629694	68396	31659	418	2277.05
1675741	53526	48271	1087	2273.54
1682620	207378	143359	2124	2268.5
1651590	31780	19684	166	2263.4
1563755	1230623	1219956	20539	2262.49
1669277	373977	325039	21137	2253.27
1680756	28381	17619	502	2248
1680509	127947	125808	11515	2236.59
1672667	355816	275261	13589	2233.38
1589808	32434	25852	494	2225.88
1680644	1665783	483649	5684	2225.63
1654825	1055351	899824	23103	2214.72
1668015	336502	254471	3678	2214.34
1643702	1662269	872492	8804	2212.44
1667673	819907	71505	2954	2193.03
1613678	3119690	2702458	24707	2192.15
1685413	849753	584385	11318	2191.82
1682366	56429	48292	1469	2190.74
1671506	301180	239100	12736	2189.79
1681588	11250	8244	121	2189.7
1581900	817696	441926	20219	2183.07
1636548	2233631	1585425	64166	2163.97
1586333	2813441	1896614	14308	2152.04
1682739	549978	345170	2851	2149.8
1597024	198991	76284	3835	2143.81
1685363	776646	769063	37813	2142.4
1629890	1519953	1507875	21450	2137.09
1664923	725038	312984	7668	2131.64
1668068	328364	238279	3003	2131.58
1573923	199597	138622	2388	2121.09
1546247	94872	94057	12573	2120.16
1584216	87758	54088	2593	2119.08
1508354	1066875	807613	12273	2114.48
1681188	23378	17199	276	2112.61
1608745	1310490	1298752	18955	2111.8
1662673	1037454	727781	3948	2111.46
1684665	2578039	1870264	44263	2106.01
1618955	178975	106911	1611	2100.95
1655271	27377	21546	325	2100.89
1615458	2030548	2013452	22136	2099.48
1658326	1762421	1543675	19663	2088.51
1671470	56578	39452	1021	2078.65
1623865	27911	19458	270	2074.37
1649997	230803	198368	5307	2059.1
1652193	1114448	723389	8864	2052.56
1681709	32153	23001	314	2044.7
1623253	847970	557799	3912	2043.02
1661777	22157	12719	417	2039.91
1648356	258529	194794	7314	2029.63
1608606	1199253	1190143	18486	2027.71
1623242	409240	303994	2474	2018.57
1676051	9975	7681	98	2008.33
1649769	529009	329722	6544	2002.71
1626382	1315269	314977	7319	2000.7
1675105	107607	75432	980	2000
1681534	55713	55202	13026	2000
1635655	2006972	1551348	42145	1996.37
1680408	3624	3086	60	1990.55
1638654	1595077	1312379	50398	1987.84
1643918	2531880	1855712	26990	1987.82
1606732	195908	70132	10618	1987.71
1644015	431569	341435	12607	1983.06
1560765	1422149	961893	24487	1980.31
1573285	41027	39375	2683	1980.21
1684733	97013	71691	1368	1969.62
1541867	1357627	176211	4178	1969.45
1579782	750746	470315	8821	1946.64
1603346	2458836	1627351	18387	1946.05
1677060	668464	281860	5407	1944.61
1662323	231812	211368	11398	1937.29
1679256	9833	7551	109	1937.24
1676849	10912	10776	455	1930.69
1633786	1236185	1223982	19816	1927.45
1635282	314153	90699	10229	1922.68
1675203	1155255	979112	12064	1921.46
1670050	693647	545841	9192	1914.51
1682932	35417	26384	664	1907.19
1684898	1018858	193990	9974	1900.86
1630304	339601	238298	8254	1894.58
1679188	300969	228166	7857	1891.91
1684256	594078	442816	14429	1885.86
1633075	89679	88526	2412	1884.83
1626316	624569	560193	20062	1883.08
1590574	1246758	533262	24939	1879.3
1628462	82576	59040	484	1878.67
1555913	83768	56795	479	1874.94
1669764	2306373	2242410	38198	1873.6
1555695	17570	11040	166	1871.37
1681824	6341551	6316316	43994	1862.11
1685513	5393	4044	88	1854.89
1633239	84495	83386	3146	1846.95
1680800	693952	159788	6510	1846.57
1682457	161275	143800	6036	1843.75
1671515	93515	43666	2020	1843.12
1680850	117126	66440	1046	1836.24
1670832	284470	279835	18385	1830.73
1576493	20727	14712	145	1821.24
1675928	143826	142857	3477	1818.1
1660917	236791	109936	1465	1813.5
1653897	22418	12911	332	1805.4
1645136	4416463	2927377	25547	1801.15
1661048	70105	47967	514	1792.19
1663994	128037	125412	3650	1788.49
1682664	16404	13020	335	1780.29
1668042	94027	62846	1098	1779.57
1676019	199035	115291	2078	1757.33
1628513	136242	99234	14985	1752.96
1627853	3471	2444	43	1739.73
1683207	713824	489989	18069	1739.36
1682809	14080	10324	177	1736.69
1685574	7934	5439	69	1735.98
1680680	65228	45172	1062	1735.59
1674791	112779	47141	4294	1729.14
1680485	565993	209223	2461	1726.37
1679078	1111136	573101	22269	1718.73
1682711	387883	246340	2341	1717.19
1683904	2671344	2641907	27977	1713.03
1598340	4268580	3392498	32689	1702.4
1685526	60954	39523	300	1697.4
1596558	49287	48913	1749	1696.38
1594061	722119	88185	1754	1695.81
1627851	162804	112633	723	1671.42
1650628	11712	8424	98	1669.41
1655885	820726	558483	2695	1659.61
1678036	7471	5187	77	1656.93
1666231	278323	205678	3233	1656.76
1678498	105248	98225	15043	1655.12
1670563	309637	121761	8361	1646.45
1540012	758706	540283	9981	1642.37
1670079	1962326	1333171	16952	1627.32
1664002	557402	551537	6592	1623.89
1626455	238205	227976	7465	1617.93
1685604	101563	70863	2562	1602.96
1638968	855152	509666	13278	1601.56
1680076	293840	257506	31390	1601.24
1684279	165275	164216	14701	1600.78
1681538	216572	154618	1619	1600.66
1650322	341400	74322	2623	1597.23
1682787	261532	164110	1712	1590.85
1635914	78539	41749	3141	1589.03
1679201	591085	437078	34417	1587.62
1675347	90985	73789	1782	1586.85
1685507	705385	508486	11631	1576.41
1675407	266993	199049	12524	1575.29
1635827	1184771	1173458	16094	1575.13
1685052	78568	77271	13832	1573.65
1679118	6232	6175	305	1566.42
1682813	15693	11810	164	1561.31
1664125	52225	41793	986	1560.48
1657233	334232	254501	9285	1551.85
1623773	8457	6439	103	1550.92
1678729	967791	958466	20371	1545.58
1631189	2613396	2039434	67381	1536.55
1678378	39042	26977	218	1533.31
1645589	401282	305082	6613	1531.6
1546908	21661	20318	504	1530.58
1674232	108248	52167	1135	1529.67
1641728	743353	552474	21907	1527.3
1673244	10060	6997	97	1519.72
1656338	23579	16443	142	1516.83
1668822	62216	56165	1837	1507.14
1566143	184446	138248	4923	1504.76
1685605	491640	352509	9764	1504.13
1593006	402081	299957	5719	1502.12
1641367	880162	872390	11976	1501.65
1634470	693904	497839	5871	1501.18
1600370	385144	182968	4944	1500.96
1676489	220391	148448	2958	1500.75
1682306	25633	18365	392	1499.6
1584462	2080790	381326	2014	1495.83
1681680	1734577	1309072	21998	1491.3
1646231	489020	425543	5997	1481.2
1685080	97382	57307	1030	1481.03
1674410	127729	53065	2081	1479.32
1623315	8110	6508	103	1478.84
1684080	94022	63829	444	1471.65
1673080	13092	9336	104	1466.41
1566936	7076	5029	70	1460.86
1679048	1844670	1804011	14564	1460.2
1629964	81747	51143	680	1458.38
1571811	539347	307377	8351	1457.01
1649801	158878	70175	6104	1455.25
1664121	55090	44349	998	1452.54
1678636	81712	20140	419	1441.95
1651540	24008	17353	148	1441.65
1625586	5085	3336	63	1434.6
1550857	8418	8316	2472	1427.24
1685603	345883	242013	11037	1416.1
1657733	70000	43833	742	1412.23
1665230	1511529	1497221	17426	1408.66
1660224	53903	49751	752	1406.5
1684319	74398	50739	1297	1405.62
1589008	267979	264892	10715	1401.81
1636689	457645	437600	13907	1395.87
1644964	583364	577604	14463	1393.35
1684334	49797	29112	241	1388.93
1647573	674510	586416	16388	1382.09
1681611	555095	547705	10858	1380.75
1677847	78100	55514	1290	1373.88
1685518	7077	5503	94	1370.47
1642965	37217	24984	186	1369.95
1570429	364764	208852	3276	1369.57
1655883	62790	41650	1073	1363.82
1667767	54588	40128	700	1362.53
1650231	378979	287446	3272	1361.71
1622908	114057	113158	12704	1359.98
1646112	329165	246922	8056	1354.47
1580074	15097	11412	171	1353.53
1631145	152289	101504	2118	1352.38
1685473	522957	320064	10728	1346.45
1668884	172234	101813	707	1345.5
1643037	1899401	1261917	11617	1343.93
1682186	39931	30404	738	1341.19
1647561	865824	556378	9286	1336.77
1679300	130093	54408	3438	1330.01
1677932	7721	5512	79	1321.61
1655646	321760	250669	8166	1320.53
1630366	415122	317439	6137	1315.62
1658313	39404	22437	1227	1315.13
1684748	51978	34073	917	1313.15
1678294	126181	78537	362	1308.28
1668821	184934	151640	9706	1307.67
1675890	239669	228486	6672	1305.04
1653188	15916	11494	139	1300.46
1684906	926058	149267	6327	1299.02
1660788	2211364	820299	12251	1298.89
1657356	464922	79101	2515	1295.48
1606296	701275	130162	6712	1292.91
1675852	61120	45262	860	1291.82
1678167	591311	395477	11804	1290.52
1674011	33114	23798	265	1286.03
1674505	103063	81586	3347	1282.92
1683841	2673	1774	34	1280.91
1677849	68737	48590	1063	1280.91
1684535	260188	186885	6540	1278.16
1666965	468357	335910	6837	1278.01
1633020	50743	30420	3829	1273.56
1596542	47584	47228	1371	1272.74
1685046	65467	36376	820	1259
1685541	10917	7903	140	1238.89
1672736	252595	247574	12612	1238.37
1667104	27265	17545	246	1232.54
1683881	107644	78649	2236	1231.94
1675922	159841	158207	2911	1231.79
1668082	56871	46133	1089	1231.76
1657502	120875	82879	669	1231.74
1658289	47716	24403	1151	1228.32
1680678	200695	162453	7500	1227.91
1649798	15200	7868	101	1226.76
1681447	13439	9939	125	1226.4
1576675	687206	603825	6576	1225.87
1685516	575064	568846	10844	1224.72
1682206	165228	137828	6669	1220.83
1626066	126560	97953	2544	1218.99
1685671	1649838	908642	12262	1217.63
1683285	15950	12920	419	1217.32
1618943	16699	11688	189	1216.39
1669917	365123	330832	18332	1213.51
1680812	119278	96244	7285	1208.93
1680586	214533	180294	11665	1206.75
1606266	889594	879962	7337	1204.44
1679264	278959	218140	8879	1203.75
1681290	21862	21343	2779	1195.6
1685359	190312	158219	7064	1194.71
1669883	591490	356586	11960	1192.74
1578350	7886	3958	157	1190.28
1665859	42226	25829	293	1188.92
1587444	47696	19928	1934	1187.27
1671519	71752	21930	1104	1184.24
1650215	163426	39584	1166	1181.68
1676780	208421	158952	1757	1177.86
1653007	46760	31042	240	1171.2
1672028	41951	26329	290	1155.94
1567471	329290	223830	11053	1151.19
1682648	19653	14301	279	1149.62
1669515	18339	12544	115	1148.43
1661211	892503	498947	13106	1147.31
1678277	14850	9930	152	1147.07
1683914	153300	56379	2130	1146.04
1646972	715163	394789	5858	1142.59
1675317	66833	50316	1140	1141.97
1666695	63753	41741	282	1140.4
1559165	354044	256652	5511	1140.28
1610052	59747	42847	2063	1138.43
1620614	13902	13697	295	1131.88
1667979	73598	32225	1022	1126.04
1682817	14363	9972	138	1122.53
1627039	7395	5213	69	1121.37
1642127	111878	111011	15855	1118.94
1651237	135164	100717	2081	1116.57
1685567	13906	11807	195	1115.31
1677851	56298	40017	818	1114.72
1681536	121863	89427	1018	1107.22
1657909	653437	448510	6993	1102.52
1652230	377099	270681	8023	1102.31
1680342	69215	37748	736	1099.18
1570948	11946	7149	84	1095.92
1676786	189315	132816	2058	1094.27
1678575	364410	230925	11241	1093.36
1683255	15145	10849	141	1092.24
1636536	71749	70583	2273	1091.66
1685319	145398	119063	6209	1083.27
1650074	86686	66760	1410	1077.75
1665396	14414	10681	112	1076.55
1677609	30610	21502	219	1076.48
1676073	240389	37826	2514	1072.91
1675276	715921	444378	14964	1072.14
1663352	98222	97450	2388	1071.79
1665159	202486	155443	11522	1062.05
1662317	140363	127694	7934	1058.51
1648248	84116	83020	1096	1056.42
1631631	27207	15698	84	1048.9
1678399	30176	21125	127	1047.37
1664917	75697	36734	2050	1045.59
1676800	128500	87879	1224	1044.22
1558973	13083	8437	71	1042.09
1680683	156401	126900	6070	1039.01
1649724	437276	51934	2378	1033.68
1676806	1600803	1352822	10857	1031.91
1685571	16056	11469	273	1030.66
1681710	1830774	926681	18180	1023.06
1651255	10505	7734	84	1021.83
1685572	81710	72728	2596	1018.62
1674182	61484	37053	327	1017.65
1658328	5140	3995	58	1016.42
1585584	560819	374844	4245	1013.19
1672588	30864	30214	8665	1010.96
1685311	20877	20412	2348	1008.13
1632109	85236	60207	495	1007.76
1579871	69893	48536	999	1004.31
1681520	245765	182662	6417	1002.92
1585894	776547	438628	7013	1002.12
1608497	223807	147713	5471	1001.63
1682474	298384	249726	15004	1001.02
1675029	46231	45908	6711	1000.59
1683733	212077	163695	5838	1000.58
1680073	905568	737844	20168	1000.53
1684696	879426	869444	12049	996.59
1675356	275138	203407	8391	996.25
1655459	115694	92308	6171	995.55
1678563	74105	16985	2619	994.42
1665281	137087	113741	2773	994.39
1685425	343274	249479	4394	993.46
1664106	51217	40329	973	982.41
1680620	179738	175842	4562	981.39
1678545	738694	554714	29948	980.72
1680499	225313	122606	6112	978.99
1680194	45803	27883	4087	969.93
1645681	25738	13386	136	967.46
1647909	107016	106280	2212	964.58
1555142	254298	235909	4933	961.95
1671717	57396	28933	939	961.13
1665931	22105	21827	4295	959.6
1647070	41639	37262	1520	955.71
1663531	112835	83855	4445	953.91
1679654	735693	539489	14232	953.55
1669714	177494	31360	3098	949.83
1684991	71013	37517	1537	949.3
1671611	150985	79279	1875	947.41
1681596	10053	6688	123	946.87
1632902	533106	383432	8127	944.68
1682769	109258	75767	7230	944.29
1683136	10074	7532	114	943.71
1579105	124436	13417	1075	943.28
1678719	693882	508715	14915	941.21
1630270	610837	389110	9391	938.5
1677623	492234	189333	6185	932.37
1675019	130638	99072	4509	931.91
1685623	3603	2477	25	927.95
1524459	624211	411498	5289	924.23
1684078	44834	24991	248	923.03
1650016	200766	154304	9364	921.72
1626295	17820	12316	108	921.31
1681675	3838132	2535895	38068	919.87
1675763	24353	20492	630	919.81
1680414	10586	7584	250	916.42
1552136	27121	19392	677	914.84
1677668	499950	362488	16029	912.2
1685594	4732	3156	38	911.67
1656292	79383	62642	10457	911.19
1667158	134035	109393	3270	909.87
1656660	234238	207119	6859	909.35
1681823	31573	13691	1154	902.62
1676215	185676	133335	2926	900.68
1661908	35188	25107	255	894.4
1685177	462410	312215	7636	892.53
1684077	43141	31475	214	892.18
1671707	1210498	61215	2452	888.78
1674685	163360	132363	5549	886.18
1651495	117828	91248	992	886.07
1680585	73712	51765	411	885.66
1680258	82167	53213	412	883.27
1682127	11719	8702	124	879.53
1683194	428214	310089	5765	877.23
1598780	86771	63765	492	876.18
1647758	227234	138486	4161	875.34
1669540	5058827	3288787	33474	873.61
1685690	895665	594844	9824	869.27
1684531	386899	242658	9085	865.27
1648674	188577	143298	4225	865.14
1682291	15535	10968	240	861.77
1681286	13442	13180	1930	861.23
1680527	22739	15789	134	860.42
1623806	105392	84120	2952	859.78
1680484	254265	193755	8246	857.64
1674571	1172436	397758	3384	851.48
1650993	146353	95286	1480	851.11
1649516	792691	31381	2335	848.88
1524282	8076	5411	79	844.77
1674751	379150	271819	14009	843.99
1677519	45402	33350	702	842
1660798	37152	14863	532	841.94
1668476	796540	561486	10775	841.54
1657279	449098	114966	1340	841.22
1684071	57273	44405	261	833.13
1645725	1510881	965767	27340	832.77
1685227	4179	3185	42	831.9
1579684	54338	21835	1844	829.85
1675214	51850	37346	1109	829.7
1645453	1884988	1489376	17835	827.84
1665352	24139	23940	1193	822.46
1646782	20960	12885	614	817.36
1674266	382878	321524	11852	815.68
1683712	1040977	798871	21527	815.46
1529984	398339	36593	1416	814.04
1672578	16607	16269	3060	813.58
1667820	868084	843188	6543	810.88
1673188	1077193	955573	27146	809.79
1676797	202691	162759	2067	805.91
1600581	119522	66087	996	805.25
1673846	58577	21758	1023	805.2
1681791	72395	37207	1956	803.14
1681272	13335	13074	1767	802.78
1617490	94640	66951	5799	802.05
1611585	133226	90138	4580	801.43
1566581	9937	5812	45	801.27
1681511	271834	216206	7615	794.02
1676819	287630	224983	3329	792.61
1680533	8568	6399	104	791.97
1681185	8021	5784	75	789.28
1680584	64180	50760	3256	789.24
1650585	52648	31517	274	783.98
1672239	51914	36264	558	781.74
1675377	23407	17496	533	776.44
1563674	45266	30084	225	773.1
1640555	52217	33816	588	771.85
1655468	10031	9906	2469	770.62
1666248	67415	50952	311	769.29
1650686	33593	33370	1204	768.92
1682315	455193	450810	6440	766.57
1677843	49606	36017	823	763.56
1678305	9387	6429	102	763.41
1636416	2486878	2363418	31763	762.9
1647907	18094	13518	1017	757.64
1675778	20691	18627	373	756.56
1675992	55986	22804	1001	753.41
1642631	105594	82199	5017	751.34
1643583	56065	31096	2049	751.31
1626449	22980	15409	115	742.99
1682819	8985	6722	88	742.5
1684292	7972	5588	73	742.23
1676793	133371	94203	1164	740.73
1681621	1189	841	39	733.34
1657032	40996	36349	806	731.82
1683880	75729	58125	3694	726.22
1647906	58028	57618	1665	725.22
1684358	64049	54793	1810	721.89
1638309	179868	84922	1858	721.67
1662908	23224	18721	572	721.36
1602552	6919	4962	104	721.17
1623838	13904	9577	237	721.14
1680581	83706	70664	3583	721.12
1662576	11236	7274	196	719.14
1675511	53910	35795	1042	717.71
1682606	113083	84676	1727	714.82
1654238	88686	60890	442	714.56
1678072	136218	134454	3615	713.66
1679318	106779	70150	560	712.9
1657029	22975	18225	479	710.45
1630534	74243	46877	418	709.3
1682712	98572	47831	1766	708.6
1676393	13247	8010	213	708.14
1672638	29188	18024	178	705.9
1633174	392761	389388	6339	703.59
1683562	89866	68807	1749	703.51
1677614	17666	12882	131	702.86
1635918	48772	24389	1775	702.28
1652321	22081	12970	420	700.51
1676030	250686	217724	5109	700.33
1624488	2569	2002	22	698.63
1647529	48765	28718	398	697.61
1646802	149409	113548	1136	695.29
1668252	945796	806167	15275	695.19
1671615	22197	13561	186	694.14
1658619	26768	19252	208	694.12
1685620	66165	53551	2726	691.61
1675292	23969	17047	429	688.45
1644890	38659	38487	1303	688.03
1625591	1806	1560	37	688.01
1654268	26218	19799	413	685.72
1533163	292912	131183	6155	678.97
1675585	23457	14521	547	677.7
1662652	26367	16545	393	674.92
1640627	205175	21038	880	674.05
1684883	194102	175460	10500	673.43
1671612	88574	19337	903	671.93
1647908	39172	38930	1298	669.84
1636361	95383	63281	949	669.1
1680269	122897	82291	594	667.9
1667992	88146	62989	4125	666.15
1680252	96790	71036	1588	665.85
1668718	82220	46383	1073	664.74
1654759	17023	9675	351	664.08
1685629	70874	58356	3447	663.22
1678262	8706	5407	95	662.65
1680382	49971	28228	464	661.73
1681869	183855	122757	5926	661.04
1624787	481373	341694	10492	658.19
1682656	34868	25373	459	656.9
1661972	78397	42238	3890	656.3
1684285	26280	19424	355	655.5
1659103	91910	72724	409	654.91
1627035	3330	2467	45	654.18
1673686	174390	137963	4280	653.79
1684049	134589	102461	6675	652.57
1653192	6273	4402	57	651.53
1595359	398976	285406	5725	651.37
1669557	105325	73903	844	645.79
1683838	2446	1706	18	641.31
1630901	944	699	15	639.03
1607339	10701	10324	1666	637.66
1662916	31647	25488	665	633.75
1681608	60490	46646	795	631.87
1682832	21331	15072	127	631
1651018	481770	107709	1344	628.95
1680989	48601	15760	2416	628.31
1685624	62949	51139	3043	626.76
1653490	858756	514408	13352	626.29
1654302	30312	23121	497	624.94
1680376	54155	39331	1141	622.15
1677189	443596	347504	19249	620.06
1675838	12082	8751	307	618.22
1682870	65662	35992	500	617.24
1672646	402958	132801	4822	617.16
1678712	2251	1246	32	614.09
1651692	18451	17491	357	614.02
1666249	18423	12107	72	613.65
1681104	562039	152787	6217	610.59
1566531	11914	9170	42	609.99
1645338	374231	369825	6464	609.83
1672868	235271	27306	791	608.38
1682677	67480	66431	2430	607.83
1640077	469261	342315	10895	603.55
1683943	46853	32463	2274	600.92
1654234	1761	1301	21	597.78
1656498	4402	3520	50	592.75
1672076	124319	80117	2162	592.52
1637997	4941018	3366682	37229	591.66
1645951	40611	40214	620	590.09
1602696	3318064	1678347	31419	586.7
1627861	346	233	7	581
1674170	40676	40512	848	576.9
1683539	236255	172451	5812	575.9
1584292	64689	63538	5507	575.77
1646976	1067510	748776	22390	572.48
1646340	3345	3300	140	572.34
1678830	100001	77375	2808	571.15
1667612	35176	27713	656	569.85
1627577	22221	15018	112	567.83
1590010	423900	322792	7836	563.89
1685587	19424	15423	364	562.32
1681583	62815	27041	1014	562.2
1646387	40060	16207	471	561.73
1579495	189375	129055	6030	561.4
1679315	77060	49973	422	561.08
1651882	72047	46353	616	560.49
1651270	293309	290526	16015	559.54
1682826	80488	55780	915	558.87
1681499	64176	46572	583	557.01
1672018	21323	12722	151	556.35
1650677	18355	18277	880	554.02
1631884	2399	1630	19	550.22
1685661	2020	1373	18	550.13
1624997	679	498	12	547.73
1668547	11976	9573	64	547.33
1674073	63356	50802	1115	547.03
1635146	292265	290525	4880	544.71
1623888	11288	8714	95	544.1
1684348	92293	73549	5129	541.75
1682693	70259	45081	633	540.4
1646542	13253	12313	318	539.67
1605876	355736	83686	2047	535.63
1644675	265102	262619	5429	534.03
1645026	289001	221003	5500	527.52
1685584	15428	12040	286	527.08
1685573	1564	1085	14	524.1
1654237	4044	2814	28	522.31
1685535	37078	31563	1082	520.94
1600206	56159	39230	3673	520.64
1683206	66398	54444	2867	519.91
1682829	5183	3816	62	519.49
1636083	44113	34485	791	518.11
1650992	136528	66792	1316	517
1684233	201760	152883	3012	516.55
1671207	392581	229096	5773	515.02
1647905	31142	30928	1039	514.92
1599290	797405	436411	21145	514.27
1667806	141757	100694	3543	511.46
1666251	1597094	1258488	20521	510.34
1664667	116524	91412	969	509.25
1657605	10951	7179	426	509.21
1678384	5508	4153	63	508.52
1656228	54565	54166	1228	505.02
1590137	39099	26956	2211	503.7
1631678	87319	82754	1513	503.7
1675305	18995	14080	334	503.56
1681177	11529	8368	219	503.3
1685622	55804	45169	2463	502.84
1625464	2686	1854	25	502.64
1600717	67992	34563	2855	501.95
1680673	167996	91718	4632	500.53
1671230	8965	8882	2164	500.43
1664241	16912	16860	2274	500.06
1554924	996745	563541	12539	499.51
1681482	23279	16226	113	499.15
1681110	115586	76466	431	499.12
1531964	137015	33329	1283	499.11
1678291	637791	298487	4802	492.66
1684038	122345	113442	3962	491.04
1678148	100338	80857	1826	490.07
1636518	59437	58853	1539	489.67
1679151	166693	82386	4437	488.35
1684702	110207	66969	1738	486.57
1665169	74704	38722	1611	484.37
1664287	70784	43149	3396	484.2
1654256	230788	161835	3598	482.5
1626323	30258	22386	524	482.11
1683192	227974	72976	1888	479.57
1685504	1789	1275	22	478.57
1677912	49363	20334	953	477.81
1672357	224825	155258	3448	474.9
1679321	473767	251694	3898	472.11
1682273	110612	71195	782	470.53
1678179	423351	303700	7039	464.61
1570093	878002	677689	19771	463.3
1672135	7568	5887	78	458.03
1668044	49987	35778	338	454.18
1580051	223050	136427	1419	452.53
1637659	1351172	830071	17799	449.84
1677195	147590	106587	4254	449.75
1680937	47088	37981	2026	448.21
1683757	188321	137664	1371	446.45
1683499	439768	236266	3456	446.2
1642086	733725	456093	7662	443.62
1651014	183761	44175	1018	443.23
1592274	652957	354768	4813	442.11
1665769	27184	11201	98	439.24
1681055	282321	171203	2263	435.67
1683550	27519	8919	2374	434.75
1650712	18486	18417	644	433.71
1638537	31739	20617	703	432.63
1625294	61762	43179	2170	430.44
1656654	344562	256372	9051	426.77
1605660	74862	74397	1146	426.48
1550786	95512	77010	5670	426.14
1630863	12219	11979	2303	424.85
1557855	59870	49971	1096	424.74
1659576	36688	27483	1278	420.65
1681541	39013	30474	461	418.42
1652469	73295	14482	1267	411.58
1525577	960954	741543	17771	409.99
1661610	17305	11963	283	408.93
1650007	100258	61639	1006	408.79
1665901	3399	3356	776	405.43
1604919	8271	8088	578	404.6
1685621	52518	42965	2425	397.69
1531158	32432	26283	1381	397.28
1680211	108609	78074	3019	396.72
1664878	11613	6096	49	395.88
1677815	14210	12174	258	395.85
1684432	34756	27472	1928	393.42
1644759	179898	145124	2378	390.05
1676845	135246	86998	2801	389.97
1612547	60983	38236	541	389.04
1651235	29520	22287	471	388.07
1669288	392149	271052	8126	379.35
1667579	508699	265303	4179	377.38
1672543	10582	10340	2511	372.75
1672925	106306	78575	1582	371.95
1680703	44682	30200	1597	371.03
1565585	17455	17273	2509	367.39
1684744	60963	16313	1857	364.62
1683370	74532	37264	971	363.57
1676788	54918	36240	410	362.92
1664167	44336	26776	1128	359.13
1624891	2299	2145	48	356.54
1683053	50788	49962	1786	354.84
1652691	231799	54882	647	353.5
1680391	2128	1559	45	351.51
1585402	868505	646515	21017	351.01
1651579	36744	31662	321	345.43
1638402	11753	4452	477	343.21
1682716	49623	26423	1203	343.14
1638693	109199	79361	3496	341.4
1666807	139652	87603	1762	339.39
1679248	21149	13178	134	333.74
1672556	6201	6152	1328	333.64
1587934	63726	21689	1650	333.58
1685276	39217	28749	2247	332.62
1681105	47822	29484	309	330.26
1604727	31981	8228	1153	327.72
1532847	498352	254618	3239	326.44
1665988	4534	4462	896	323.21
1648182	113715	41938	1405	322.35
1674838	158112	108229	3458	321.55
1674905	214699	74659	1508	320.76
1533110	174562	18487	719	320.45
1676289	41764	31873	1212	320.18
1661578	1713	1701	406	318.53
1683197	106633	77727	2382	317.86
1648975	577257	399987	6897	308.92
1665516	206720	152591	5163	306.03
1668548	63540	53793	475	305.24
1682777	30222	23595	2109	304.8
1616036	21118	14972	1237	304.34
1676909	28594	6136	1560	301.13
1685183	131952	88082	2873	300.63
1676917	30524	7175	1063	300.42
1625436	107849	19374	947	290.38
1574027	339803	216623	1022	290.29
1684873	33068	32775	7035	287.51
1681692	208724	132230	2278	286.69
1651414	94612	13741	989	284.13
1672565	17946	13141	451	280.97
1657831	118467	47836	1460	280.76
1685582	522720	263459	2685	278.16
1542830	180614	26685	792	276.55
1585575	20456	7150	707	276.48
1681364	187175	91262	1692	274.99
1684756	2245391	1750784	16444	273.6
1668530	48430	34901	2881	268.65
1661417	224669	27779	924	267.23
1666234	21777	4797	68	267.21
1533008	76013	35668	1890	267.16
1676727	184322	149385	6203	265.91
1663746	2857	2834	662	263.34
1678255	3068	2419	39	258.81
1668114	142403	89805	2091	256.91
1684763	55070	45740	343	256.84
1651588	59055	49027	2856	246.71
1625385	24809	20587	657	239.85
1682709	63114	59419	1844	239.74
1653315	106376	77455	2362	237.18
1651488	15754	11723	142	234.61
1651675	134519	105643	6549	232.25
1677461	150227	89052	1847	226.35
1595995	75574	54789	2111	224.61
1675321	134362	16319	230	223.26
1657633	728666	107212	1058	220.87
1648409	188124	159644	1178	220.41
1567497	17652	17554	1354	220.22
1582793	272240	45020	1152	219.35
1679340	3124	3086	598	219.32
1679082	189440	109318	4169	218.44
1676555	75242	63864	1674	217.5
1620537	89555	55983	1901	213.3
1665838	70421	52797	2217	212.69
1541646	17606	4859	946	212.28
1685611	87676	50461	2144	212.21
1665984	3583	3512	635	211.68
1648400	310097	31267	616	211.04
1681356	256784	162346	1781	208.43
1645123	611452	441032	3521	206.31
1679972	54559	43658	673	204.1
1579901	27894	7595	71	202.22
1670525	14787	9869	688	201.35
1535674	100746	64642	1208	200.22
1675388	216943	29426	906	200.17
1685458	17743	4385	1077	200.13
1668455	251265	24701	970	199.56
1672362	94821	74805	815	198.19
1677186	299449	167887	7363	196.13
1672471	3739	3698	628	195.79
1675488	17856	13537	888	189.94
1654474	15643	14408	316	186.84
1638530	15809	10803	299	185.68
1667549	186986	133724	2607	185.19
1607343	138704	70775	743	181.11
1681543	21743	20080	328	180.02
1640781	69049	38557	890	176.33
1612014	63463	42219	446	175.51
1672033	113178	87562	1671	173.92
1649788	29302	17728	314	173.53
1597027	76591	52009	1572	173.52
1588567	81115	12527	582	167.92
1678780	160066	85215	3350	166.43
1680417	128360	42727	1740	166.3
1673498	973199	763732	11257	163.93
1667975	122070	91521	1999	162.35
1580047	7921	3905	183	162.26
1573183	115711	13841	585	161.87
1677190	147843	115758	6830	160.33
1679528	206533	202295	1487	153.99
1644691	20987	17042	1010	153.35
1612557	78457	49006	208	150.51
1662863	304999	208428	3246	149.29
1679346	2389	2098	164	144.28
1551561	280505	39045	740	143.82
1675037	31979	24105	1383	143.01
1677901	17488	5327	777	141.8
1682514	6333	2627	781	140.99
1684261	11162	2198	751	140.47
1639065	11007	8995	215	137.13
1611996	63453	48775	359	135.93
1684184	82052	72141	1977	135.9
1673187	164866	145084	6702	135.06
1683456	56219	24339	1291	134.29
1550785	20373	16016	816	132.7
1679467	4035	3451	316	132.01
1628616	2207	1714	17	131.55
1676338	643	634	24	131.49
1664014	534770	298456	8347	130.21
1678683	62591	48939	1500	128.96
1668502	24104	16236	1006	128.4
1632302	3706	1671	696	127.74
1663415	1110	1104	232	126.2
1685155	45712	33576	1265	125.22
1643479	381619	182784	777	123.45
1647837	77946	51972	1201	120.52
1660677	8069	5385	208	118.64
1551773	2040	1697	64	117.28
1662803	39883	26755	1949	116.66
1577461	107591	15165	599	116.65
1576395	37751	24436	1621	116.21
1569234	22730	17663	1152	113.47
1551910	34893	8526	582	112.23
1682757	22631	15348	3679	110.28
1664132	6729	5322	99	109.68
1643703	32431	21979	1213	108.52
1660910	36931	7796	254	107.68
1671545	19521	15139	267	107.3
1680565	57437	45039	677	107
1663526	106468	78629	1258	104.24
1665970	2923	2881	664	100.74
1649518	36742	1811	296	100.35
1605052	18503	4391	556	100.24
1679743	619120	293544	1991	96.36
1646046	1366	1113	22	94.86
1662975	94607	66179	1072	91.78
1679679	52289	49551	1554	88.99
1605272	65297	43188	995	87.97
1654617	16509	11096	179	86.54
1545168	15622	4188	438	85.44
1651441	7706	2569	443	83.27
1656806	177060	89529	4626	82.63
1683094	51505	43164	376	82.39
1676554	368097	245057	3744	82.28
1678315	59741	6381	398	77.37
1683994	36992	19535	638	76.84
1669894	193856	95479	3649	74.42
1597262	5920	4328	58	70.09
1640991	76665	53296	668	69.83
1571796	81026	62731	2733	69.07
1680631	20175	13740	477	68.89
1602964	39789	28055	1357	68.63
1675559	251825	28543	612	67.16
1578930	192367	160224	4976	67.15
1672503	1095	1075	198	65
1668105	304558	199000	2092	62.73
1577460	50030	9878	312	62.1
1651836	4105	2628	146	59.44
1612765	18019	14430	881	57.94
1597392	3740	1863	210	57.3
1661761	1466	975	56	54.65
1552253	18110	2825	287	54.52
1660828	15648	11088	409	53.23
1661801	1579	903	41	51.6
1620593	8194	1325	75	51.38
1666978	101539	72033	811	45.32
1663763	18837	15417	583	43.04
1661890	1404	840	32	39.02
1673726	102971	78851	1127	38.63
1592294	3691	2312	133	38.35
1685249	17784	13369	163	37.04
1679418	1210	1049	88	36.73
1672850	1055	471	188	34.69
1677839	0	149	16	33.33
1660038	620	486	18	33.16
1586637	751	531	17	32.65
1534707	14395	3624	152	30.63
1656521	20172	13986	304	30.54
1676824	33793	3847	157	30.39
1678484	26121	20397	189	29.41
1586739	21960	17939	310	28.14
1570441	773	401	142	25.8
1571792	61008	49498	610	25.61
1617958	23724	3333	139	25.38
1597291	1565	440	92	25.19
1571793	163115	104443	2143	24.68
1666194	2281	1601	77	23.13
1684255	50186	34821	1156	22.81
1684026	8430	5942	130	22.52
1649590	48711	33884	774	20.93
1657712	3332	2483	90	19.41
1674744	14865	13106	281	18.28
1681251	2245	1823	35	17.77
1651571	6216	4946	452	16.5
1664828	10852	7464	165	15.71
1662979	21493	14951	712	12.56
1624909	405	303	5	11.69
1682274	577	437	9	10.62
1680229	16865	16743	357	10.5
1674261	6912	5131	157	9.99
1593022	1603	433	34	9.73
1648968	4009	3242	178	9.71
1675273	2516	508	43	9.42
1598153	16047	13995	153	9.27
1569829	9106	7165	203	9.22
1592319	28500	24747	372	8.9
1685213	17790	11358	291	8.25
1651558	4319	2778	27	7.54
1681298	3972	3899	44	6.38
1592925	13930	11535	250	6.2
1674873	631	520	13	5.43
1550788	9812	7973	325	5.18
1655090	1672	1648	36	4.65
1643766	1728	1316	32	4.61
1679600	796	712	48	4.6
1618954	1786	1787	36	4.04
1627876	318	111	16	2.98
1681839	16078	12307	171	2.64
1683752	351	253	9	2.56
1658146	2628	2602	181	2.13
1621766	1675	1619	17	1.66
1682902	779	565	6	1.05
1564433	112	23	1	0.46
1635044	0	1	0	0.01
1630233	0	1	0	0
1516319	0	47	0	0
1615740	0	1	0	0
1663079	0	27	0	0
1626818	0	1	0	0
1617206	0	4	0	0
1533788	0	2	0	0
1627161	0	1	0	0
1618278	0	1	0	0
1673088	0	1	0	0
1538898	0	23	0	0
1664169	0	1	0	0
1627707	0	1	0	0
1619625	0	12	0	0
1594674	0	1	0	0
1680107	0	13	0	0
1620800	0	1	0	0
1597008	0	1	0	0
1680318	0	5	0	0
1621853	200	123	0	0
1598558	0	2	0	0
1655432	0	9	0	0
1684178	0	1	0	0
1622560	0	1	0	0
1600258	0	1	0	0
1627844	0	1	0	0
1601810	0	1	0	0
1565285	0	1	0	0
1623682	0	1	0	0
1628065	0	4	0	0
1603318	2	2	0	0
1567482	0	2	0	0
1681130	0	19	0	0
1623892	0	21	0	0
1628430	0	1	0	0
1569857	0	4	0	0
1685095	0	5	0	0
1624375	0	1	0	0
1628702	0	2	0	0
1669542	0	2	0	0
1658934	7	5	0	0
1624493	0	1	0	0
1628943	0	1	0	0
1608045	0	1	0	0
1576204	0	8	0	0
1685514	0	1	0	0
1624955	0	1	0	0
1629253	0	1	0	0
1609109	0	1	0	0
1577729	0	3	0	0
1647654	0	3	0	0
1629684	0	1	0	0
1625568	0	2	0	0
1629925	0	1	0	0
1677731	0	8	0	0
1612987	0	2	0	0
1581095	0	2	0	0
1625947	0	1	0	0
1630205	0	1	0	0
1614587	0	2	0	0
1682597	0	16	0	0
1626381	0	2	0	0
1630909	0	1	0	0
1615681	0	1	0	0
1526185	0	6	0	0
1650969	0	1	0	0
1626785	0	2	0	0
1617167	0	1	0	0
1663817	0	38	0	0
1682840	0	12	0	0
1627143	0	1	0	0
1618167	0	1	0	0
1590528	0	3	0	0
1538819	0	1	0	0
1627684	0	1	0	0
1618855	0	2	0	0
1544992	0	1	0	0
1652492	0	72	0	0
1619583	0	1	0	0
1683644	0	22	0	0
1620651	0	1	0	0
1553382	0	2	0	0
1683905	0	13	0	0
1680313	0	1	0	0
1621775	0	1	0	0
1641919	0	11	0	0
1622553	0	12	0	0
1600251	0	3	0	0
1559100	0	2	0	0
1680617	0	4	0	0
1601704	0	1	0	0
1684637	0	1	0	0
1680739	0	1	0	0
1623622	0	10	0	0
1628059	0	1	0	0
1603302	0	2	0	0
1684827	0	20	0	0
1628396	0	1	0	0
1657965	0	3	0	0
1685085	0	7	0	0
1628701	0	2	0	0
1606704	0	1	0	0
1658926	0	2	0	0
1685271	0	1	0	0
1624492	0	5	0	0
1628940	0	5	0	0
1607938	0	4	0	0
1575656	0	1	0	0
1659658	0	29	0	0
1629247	0	1	0	0
1609028	0	1	0	0
1577654	0	1	0	0
1647622	0	1	0	0
1625296	0	1	0	0
1629603	0	2	0	0
1677206	0	1	0	0
1611459	0	1	0	0
1612876	0	1	0	0
1625912	0	1	0	0
1630188	0	1	0	0
1678035	0	1	0	0
1584264	0	1	0	0
1515485	0	1	0	0
1649897	0	9	0	0
1682595	0	2	0	0
1626374	0	2	0	0
1615650	0	1	0	0
1626765	0	1	0	0
1678519	0	3	0	0
1617069	0	1	0	0
1682837	0	16	0	0
1627139	0	4	0	0
1618161	0	2	0	0
1673076	0	2	0	0
1538654	0	1	0	0
1627681	0	1	0	0
1618848	0	1	0	0
1652490	0	52	0	0
1593871	0	3	0	0
1665473	0	3	0	0
1653389	0	1	0	0
1638503	0	4	0	0
1552396	0	1	0	0
1555518	0	5	0	0
1666728	0	16	0	0
1622530	0	2	0	0
1623216	0	1	0	0
1656890	0	1	0	0
1623574	0	3	0	0
1628005	0	1	0	0
1567200	0	27	0	0
1628358	0	2	0	0
1605168	0	2	0	0
1569607	0	2	0	0
1685083	0	14	0	0
1628696	0	1	0	0
1685267	0	1	0	0
1628892	0	3	0	0
1607792	0	1	0	0
1629232	0	1	0	0
1609019	0	1	0	0
1647615	0	2	0	0
1629592	0	1	0	0
1611355	0	2	0	0
1671222	0	1	0	0
1579636	0	1	0	0
1629915	0	1	0	0
1612870	0	4	0	0
1625892	0	1	0	0
1630185	0	1	0	0
1662533	0	81	0	0
1626352	0	1	0	0
1586320	0	1	0	0
1525387	0	2	0	0
1682756	0	1	0	0
1616861	0	2	0	0
1672616	0	1	0	0
1588150	0	1	0	0
1682835	0	21	0	0
1627120	0	2	0	0
1618157	0	1	0	0
1590068	0	1	0	0
1683061	0	1	0	0
1627630	0	3	0	0
1618831	0	1	0	0
1592088	0	1	0	0
1544709	0	1	0	0
1652489	0	71	0	0
1593824	0	4	0	0
1683890	0	1	0	0
1555516	0	5	0	0
1622494	0	1	0	0
1600122	0	5	0	0
1656162	0	3	0	0
1623206	0	2	0	0
1623568	0	3	0	0
1627967	0	1	0	0
1567164	0	21	0	0
1684777	0	1	0	0
1644687	0	4	0	0
1628332	0	1	0	0
1681315	0	1	0	0
1628683	0	4	0	0
1658873	0	17	0	0
1624486	0	1	0	0
1628887	0	1	0	0
1607531	0	1	0	0
1575350	0	2	0	0
1681666	0	1	0	0
1624875	0	4	0	0
1629221	0	1	0	0
1609013	0	1	0	0
1625286	0	2	0	0
1611193	0	1	0	0
1579540	0	1	0	0
1625489	0	2	0	0
1629903	0	1	0	0
1580696	0	27	0	0
1625884	0	1	0	0
1630169	0	5	0	0
1614544	0	6	0	0
1514656	0	16	0	0
1630610	0	1	0	0
1615325	0	3	0	0
1586204	0	1	0	0
1626729	0	2	0	0
1616733	0	1	0	0
1627093	0	1	0	0
1678694	0	1	0	0
1618108	0	1	0	0
1627594	0	1	0	0
1618762	0	5969	0	0
1591651	0	1	0	0
1544145	0	1	0	0
1652488	0	79	0	0
1619148	0	1	0	0
1673844	0	1	0	0
1593476	0	5880	0	0
1550679	0	1	0	0
1621702	0	5	0	0
1598155	0	1	0	0
1641787	0	1	0	0
1622466	0	1	0	0
1599909	0	3	0	0
1558750	0	2	0	0
1667111	0	1	0	0
1680594	0	2	0	0
1564836	0	4	0	0
1623530	0	2	0	0
1627951	0	1	0	0
1603070	0	3	0	0
1684765	0	6	0	0
1681097	0	1	0	0
1623867	0	1	0	0
1628325	0	3	0	0
1605014	0	1	0	0
1628632	0	2	0	0
1624484	0	2	0	0
1628868	0	1	0	0
1607422	0	1	0	0
1574707	0	2	0	0
1659632	0	3	0	0
1646953	0	161	0	0
1624855	0	1	0	0
1629177	0	1	0	0
1608930	0	7	0	0
1659984	0	1	0	0
1625266	0	1	0	0
1629568	0	1	0	0
1610769	0	6	0	0
1660817	0	58	0	0
1682174	0	1	0	0
1629898	0	1	0	0
1612700	0	1	0	0
1630150	0	1	0	0
1614328	0	2	0	0
1584148	0	1	0	0
1512512	0	1	0	0
1630586	0	1	0	0
1586054	0	1	0	0
1626708	0	1	0	0
1631731	0	1	0	0
1616647	0	1	0	0
1587932	0	6	0	0
1651265	0	1	0	0
1682831	0	3	0	0
1627084	0	1	0	0
1618039	0	8	0	0
1589978	0	1	0	0
1618717	0	1	0	0
1543938	0	1	0	0
1652487	0	47	0	0
1619147	0	1	0	0
1549720	0	9	0	0
1596410	0	2	0	0
1552184	0	1	0	0
1621675	0	1	0	0
1555302	0	2	0	0
1654993	0	1	0	0
1622431	0	8	0	0
1599744	0	2	0	0
1558693	0	1	0	0
1622999	0	2	0	0
1674935	0	1	0	0
1601176	0	2	0	0
1684529	0	11	0	0
1623521	0	1	0	0
1627947	0	2	0	0
1628318	0	1	0	0
1569167	0	6	0	0
1624301	0	1	0	0
1628620	0	2	0	0
1606192	0	1	0	0
1571539	0	2	0	0
1681524	0	1	0	0
1624481	0	1	0	0
1628864	0	1	0	0
1607394	0	6	0	0
1624807	0	1	0	0
1629173	0	3	0	0
1608888	0	1	0	0
1681835	0	1	0	0
1625255	0	1	0	0
1629509	0	4	0	0
1579140	0	2	0	0
1629893	0	1	0	0
1612598	0	3	0	0
1580236	0	2	0	0
1625835	0	1	0	0
1671922	0	4	0	0
1510412	0	1	0	0
1682481	0	2	0	0
1630570	0	1	0	0
1615261	0	1	0	0
1626707	0	1	0	0
1616636	0	3	0	0
1627081	0	1	0	0
1618033	0	2	0	0
1589955	0	2	0	0
1627491	0	1	0	0
1618690	0	2	0	0
1543761	0	1	0	0
1549530	0	3	0	0
1596335	0	2	0	0
1621550	0	1	0	0
1622336	0	1	0	0
1599453	0	6	0	0
1622962	0	1	0	0
1564223	0	1	0	0
1656652	0	2	0	0
1680682	0	10	0	0
1623517	0	1	0	0
1627940	0	1	0	0
1602959	0	5	0	0
1623841	0	1	0	0
1569164	0	3	0	0
1685047	0	23	0	0
1628617	0	1	0	0
1606113	0	2	0	0
1571381	0	20	0	0
1669444	0	1	0	0
1628860	0	1	0	0
1659578	0	11	0	0
1646869	0	1	0	0
1681638	0	13	0	0
1629170	0	4	0	0
1608759	0	1	0	0
1681828	0	3	0	0
1625240	0	1	0	0
1629507	0	1	0	0
1610307	0	1	0	0
1625833	0	1	0	0
1614151	0	1	0	0
1509371	0	2	0	0
1662279	0	4	0	0
1626280	0	1	0	0
1630568	0	1	0	0
1615251	0	7	0	0
1524258	0	2	0	0
1626680	0	10	0	0
1616553	0	4	0	0
1587521	0	3	0	0
1531744	0	2	0	0
1627047	0	1	0	0
1589870	0	7	0	0
1535629	0	2	0	0
1627455	0	2	0	0
1543545	0	1	0	0
1619064	0	2	0	0
1548116	0	1	0	0
1620367	0	1	0	0
1621543	0	1	0	0
1622249	0	1	0	0
1558601	0	5	0	0
1642484	0	8	0	0
1600618	0	1	0	0
1656647	0	1	0	0
1623509	0	4	0	0
1627915	0	1	0	0
1628247	0	4	0	0
1604561	0	2	0	0
1569155	0	8	0	0
1624240	0	2	0	0
1658748	0	2	0	0
1624474	0	1	0	0
1628835	0	1	0	0
1573496	0	2	0	0
1624741	0	1	0	0
1629150	0	1	0	0
1629481	0	2	0	0
1677160	0	7	0	0
1610057	0	2	0	0
1629845	0	4	0	0
1661546	0	13	0	0
1625806	0	16	0	0
1630100	0	1	0	0
1582969	0	1	0	0
1626229	0	2	0	0
1630567	0	1	0	0
1615172	0	2	0	0
1523549	0	1	0	0
1650325	0	1	0	0
1626676	0	3	0	0
1616542	0	3	0	0
1587520	0	3	0	0
1531592	0	1	0	0
1672918	0	5	0	0
1535225	0	1	0	0
1664093	0	2	0	0
1627453	0	8	0	0
1618544	0	1	0	0
1591196	0	1	0	0
1543346	0	2	0	0
1652300	0	1	0	0
1619015	0	1	0	0
1593001	0	4	0	0
1547726	0	1	0	0
1620362	0	1	0	0
1551781	0	1	0	0
1597275	0	1	0	0
1684054	0	1	0	0
1622078	0	1	0	0
1558083	0	1	0	0
1655880	0	1	0	0
1684248	0	11	0	0
1642464	0	3	0	0
1622844	0	1	0	0
1600597	0	1	0	0
1656628	0	1	0	0
1684496	0	1	0	0
1623433	0	1	0	0
1627903	0	4	0	0
1675272	0	1	0	0
1566478	0	3	0	0
1644257	0	2	0	0
1604450	0	1	0	0
1685043	0	16	0	0
1645126	0	1	0	0
1624236	0	1	0	0
1628563	0	1	0	0
1570891	0	48	0	0
1669336	0	2	0	0
1624472	0	1	0	0
1628829	0	1	0	0
1573295	0	29	0	0
1659427	0	27	0	0
1624671	0	1	0	0
1629117	0	1	0	0
1577157	0	3	0	0
1625198	0	2	0	0
1629452	0	4	0	0
1647903	0	3	0	0
1629831	0	1	0	0
1612406	0	1	0	0
1625723	0	1	0	0
1630045	0	1	0	0
1613720	0	1	0	0
1582966	0	2	0	0
1508148	0	5	0	0
1662246	0	26	0	0
1682464	0	3	0	0
1626214	0	1	0	0
1630566	0	1	0	0
1615002	0	9	0	0
1585418	0	1	0	0
1523401	0	1	0	0
1616461	139	139	0	0
1531582	0	3	0	0
1627441	0	1	0	0
1618387	0	1	0	0
1591113	0	1	0	0
1542903	0	2	0	0
1619011	0	1	0	0
1547707	0	2	0	0
1679974	0	1	0	0
1620277	0	1	0	0
1683822	0	1	0	0
1621380	0	1	0	0
1622042	0	3	0	0
1599285	0	1	0	0
1666972	0	1	0	0
1655867	0	16	0	0
1674892	0	2	0	0
1563447	0	8	0	0
1623416	0	5	0	0
1627899	0	3	0	0
1675259	0	1	0	0
1566244	0	2	0	0
1668078	0	2	0	0
1623832	0	1	0	0
1628175	0	2	0	0
1604427	0	1	0	0
1568244	0	1	0	0
1624220	0	5	0	0
1628529	0	1	0	0
1645720	0	8	0	0
1628825	0	1	0	0
1607160	0	1	0	0
1685373	0	1	0	0
1624611	0	2	0	0
1629113	0	1	0	0
1576795	8	6	0	0
1625168	0	1	0	0
1629451	0	1	0	0
1609985	0	8	0	0
1578814	0	1	0	0
1660569	0	1	0	0
1647849	0	3	0	0
1629779	0	1	0	0
1612273	0	1	0	0
1648547	0	2	0	0
1625722	0	2	0	0
1629997	0	3	0	0
1507553	0	1	0	0
1626208	0	1	0	0
1614996	0	3	0	0
1672106	0	1	0	0
1626474	0	1	0	0
1631630	0	1	0	0
1616144	0	1	0	0
1587400	0	2	0	0
1617696	0	1	0	0
1618384	0	3	0	0
1619005	0	1	0	0
1547701	0	3	0	0
1665172	0	1	0	0
1683497	0	1	0	0
1620197	0	1	0	0
1595188	0	4	0	0
1551765	0	37	0	0
1654055	0	5	0	0
1683821	0	1	0	0
1621374	0	1	0	0
1597229	0	1	0	0
1622025	0	4	0	0
1599054	0	1	0	0
1556856	0	3	0	0
1655723	0	1	0	0
1684234	0	3	0	0
1561495	0	1	0	0
1680665	0	1	0	0
1623369	0	1	0	0
1657128	0	1	0	0
1628167	0	2	0	0
1604365	0	1	0	0
1684987	0	18	0	0
1624196	0	1	0	0
1570866	0	3	0	0
1658571	0	91	0	0
1624449	0	1	0	0
1628810	0	1	0	0
1607154	0	1	0	0
1659138	0	1	0	0
1629091	0	1	0	0
1608404	0	2	0	0
1681788	0	11	0	0
1625043	0	1	0	0
1629439	0	1	0	0
1677096	0	306	0	0
1609874	0	2	0	0
1578806	0	2	0	0
1647848	0	3	0	0
1677544	0	1	0	0
1625651	0	2	0	0
1629995	0	3	0	0
1582778	0	1	0	0
1507324	0	1	0	0
1626110	0	1	0	0
1614995	0	6	0	0
1522510	0	4	0	0
1626457	0	1	0	0
1678365	0	2	0	0
1616126	0	1	0	0
1587389	0	4	0	0
1530588	0	8	0	0
1627033	0	1	0	0
1617631	0	3	0	0
1534763	0	5	0	0
1627398	0	1	0	0
1618383	0	1	0	0
1591057	0	28	0	0
1652023	0	36	0	0
1652939	0	1	0	0
1679956	0	2	0	0
1620196	0	4	0	0
1674096	0	3	0	0
1595168	0	3	0	0
1551692	0	22	0	0
1654046	0	27	0	0
1683765	0	2	0	0
1638667	0	1	0	0
1621241	0	1	0	0
1597177	0	2	0	0
1641131	0	1	0	0
1622024	0	9	0	0
1598912	0	1	0	0
1666932	0	2	0	0
1680559	0	1	0	0
1622703	0	1	0	0
1674876	0	1	0	0
1560789	0	10	0	0
1623358	0	5	0	0
1627870	0	1	0	0
1565854	0	1	0	0
1657102	0	5	0	0
1628134	0	2	0	0
1603993	0	1	0	0
1567777	0	1	0	0
1668596	0	1	0	0
1605667	0	2	0	0
1681454	0	1	0	0
1624448	0	5	0	0
1624545	0	2	0	0
1629064	0	1	0	0
1625040	0	1	0	0
1629398	0	1	0	0
1660533	0	10	0	0
1629751	0	1	0	0
1612009	0	1	0	0
1579919	0	20	0	0
1625650	0	2	0	0
1629992	0	1	0	0
1582467	0	2	0	0
1505889	0	2	0	0
1614938	0	3	0	0
1585038	0	3	0	0
1521906	0	1	0	0
1678325	0	3	0	0
1587342	0	2	0	0
1663261	0	15	0	0
1626989	0	2	0	0
1617530	0	2	0	0
1627262	0	1	0	0
1618376	0	1	0	0
1651886	0	260	0	0
1592800	0	1	0	0
1679888	0	6	0	0
1620183	0	9	0	0
1674095	0	2	0	0
1595040	0	1	0	0
1680178	0	2	0	0
1621054	0	1	0	0
1674224	0	3	0	0
1554324	0	3	0	0
1680385	0	1	0	0
1598794	0	3	0	0
1556560	0	1	0	0
1684222	6	2	0	0
1622664	0	3	0	0
1600510	0	3	0	0
1656347	0	7	0	0
1623350	0	1	0	0
1627867	0	2	0	0
1602252	0	4	0	0
1565718	0	1	0	0
1657071	0	1	0	0
1623787	0	8	0	0
1628106	0	1	0	0
1603917	0	2	0	0
1567768	0	46	0	0
1684908	0	14	0	0
1624104	0	3	0	0
1628480	0	1	0	0
1607082	0	1	0	0
1573078	0	2	0	0
1624537	0	6	0	0
1629045	0	1	0	0
1625014	0	2	0	0
1629356	0	2	0	0
1609810	0	2	0	0
1660460	0	6	0	0
1681978	0	4	0	0
1625375	0	2	0	0
1629736	0	1	0	0
1582367	0	2	0	0
1505063	0	2	0	0
1649405	0	4	0	0
1682423	0	2	0	0
1625976	0	1	0	0
1630302	0	1	0	0
1678105	0	13	0	0
1614919	0	1	0	0
1631261	0	1	0	0
1615971	0	1	0	0
1587026	0	1	0	0
1528823	0	3	0	0
1682789	0	16	0	0
1617523	0	1	0	0
1589118	0	7	0	0
1627243	0	3	0	0
1618373	0	3	0	0
1590832	0	1	0	0
1651883	0	192	0	0
1627837	0	1	0	0
1679266	0	12	0	0
1618951	0	3	0	0
1592608	0	1	0	0
1546772	0	2	0	0
1665022	0	3	0	0
1652855	0	20	0	0
1619734	0	1	0	0
1594740	0	2	0	0
1551227	0	4	0	0
1620977	0	1	0	0
1597069	0	1	0	0
1554229	0	1	0	0
1621981	0	3	0	0
1556448	0	68	0	0
1560221	0	1	0	0
1602201	0	1	0	0
1565659	0	22	0	0
1623781	0	4	0	0
1628094	0	1	0	0
1603630	0	1	0	0
1567694	0	2	0	0
1657552	0	1	0	0
1624054	0	4	0	0
1628465	0	1	0	0
1605658	0	2	0	0
1570426	0	8	0	0
1669068	0	1	0	0
1681445	0	1	0	0
1624412	0	2	0	0
1628774	0	9	0	0
1607001	0	2	0	0
1572428	0	3	0	0
1669642	0	1	0	0
1658986	1	48	0	0
1624531	0	5	0	0
1629033	0	1	0	0
1608219	0	2	0	0
1669898	0	2	0	0
1629347	0	1	0	0
1609781	0	3	0	0
1625367	0	1	0	0
1629723	0	1	0	0
1611892	0	2	0	0
1629965	0	2	0	0
1614910	0	3	0	0
1584588	0	1	0	0
1520665	0	1	0	0
1626447	0	2	0	0
1615826	0	1	0	0
1528692	0	1	0	0
1663228	0	1	0	0
1626939	0	1	0	0
1617516	0	1	0	0
1672663	0	55	0	0
1589095	0	2	0	0
1534205	0	2	0	0
1682878	0	1	0	0
1627220	0	1	0	0
1618290	0	3	0	0
1664268	0	2	0	0
1627829	0	1	0	0
1592606	0	2	0	0
1665002	0	1	0	0
1652814	0	1	0	0
1683389	0	1	0	0
1594739	0	3	0	0
1680116	0	1	0	0
1620898	0	1	0	0
1553638	0	4	0	0
1621976	0	2	0	0
1674501	0	1	0	0
1598753	0	1	0	0
1622603	0	2	0	0
1600353	0	1	0	0
1559789	0	3	0	0
1675113	0	1	0	0
1602048	0	3	0	0
1684679	0	1	0	0
1623775	0	4	0	0
1628089	0	2	0	0
1603363	0	1	0	0
1567536	0	1	0	0
1675836	0	2	0	0
1669021	0	3	0	0
1681436	0	1	0	0
1624392	0	1	0	0
1628741	0	3	0	0
1676072	0	6	0	0
1572304	0	38	0	0
1669637	0	1	0	0
1624498	0	55	0	0
1676722	0	10	0	0
1608070	0	8	0	0
1624965	0	1	0	0
1629263	0	1	0	0
1609732	0	1	0	0
1578253	0	1	0	0
1001574	0	2	0	0
1682397	0	2	0	0
1630237	0	1	0	0
1614818	0	2	0	0
1672032	0	4	0	0
1584553	0	1	0	0
1517293	0	1	0	0
1662647	0	2	0	0
1626433	0	6	0	0
1631185	0	1	0	0
1615813	0	1	0	0
1586649	8	6	0	0
1528208	0	1	0	0
1672659	0	6	0	0
1589068	0	1	0	0
1533954	0	1	0	0
1618287	0	2	0	0
1683114	0	2	0	0
1627774	0	1	0	0
1618896	0	1	0	0
1592550	0	3	0	0
1619648	0	1	0	0
1594737	0	4	0	0
1665751	0	2	0	0
1620895	0	1	0	0
1553610	0	1	0	0
1683936	0	33	0	0
1598667	0	2	0	0
1555908	0	1	0	0
1622576	0	1	0	0
1600309	0	13	0	0
1559683	0	2	0	0
1680621	0	46	0	0
1675106	0	19	0	0
1565289	0	5993	0	0
1684672	0	101	0	0
1628087	0	1	0	0
1623974	0	1	0	0
1628449	0	2	0	0
1669012	0	7	0	0
1685097	0	5	0	0
1624389	0	3	0	0
1628726	0	1	0	0
1606780	0	3	0	0
1658943	9	9	0	0
1624495	0	1	0	0
1676565	0	2	0	0
1608047	0	1	0	0
1669885	0	1	0	0
1624960	0	1	0	0
1629262	0	1	0	0
1609353	0	1	0	0
1669979	0	3	0	0
1577942	0	2	0	0
1681864	0	1	0	0
1629693	0	1	0	0
1677384	0	87	0	0
1611671	0	2	0	0
1648190	0	1	0	0
1625585	0	3	0	0
1629928	0	5	0	0
1677774	0	28	0	0